11111111 1111511111 111 1011111111 111, 113

Acilius M 1555· 1111111111 59, 5. 2121 sqq. 111111 11111111 21, 80. 1111111
11111 81111111 1111111111 111111111111111 811111111141111111121, 34.
1111111115 1111101111 114, 9; N5055's 1111111111 11111111 24, 2.

113,1 111111111111,1ο11·111111111111111111114 10
111151119019,1111111181198,24.

55A5555 111 111111 11111 111 82 15, 111111111111111111111111191,1011111
ad 24, 22 89, 15; 11. 10, 14. 18,2. 1111111111 111111111111111141111111 1111 1111111
89,19. 88,10,911,8; 8 98, 19; 93. 15 80 55A. 11111111111111111111908
0111115111111 sd 11111111111111111 55 111111111111111113 11111111 30,14
1,11111111111111111111111110111,111., 11111111 891

55. Α111111111 Ι1111111111 111 1111111 11111
5555 (5555) 555555 1711101111 11, 29 111111· 1Α.1 11 11 1111111 11111- .
10, 8, 12 11111111111111111111111111 101111111111111111
1111111140,9,1ο11111111,80 5. 11111 1111111111111-
Α1111111111’ 1111111111111111111 11 11111111 1111111111 131, 30.
1484111 45555‘ ’1555' 555 5 1111111111
11111111111.1111111111111111,15;111111111111111
Admeto 4115111111 Hercules 1111111- 111, 9114, 2. 11, 1111111111 111111-
1111111915. 1111111111 11 8111111111111111 112, 28.
administrata 96, 8. 1111111111 11111. 0111 11111111.
administrationem 4510. 111 11111 11111111 11111111111111111111111
11511111111111111111115111111111,3.111111,

Adrastos Cyzicenos (5 V550554 11111 A955 111 50 1111 11111111111111181,
1111) 12,18, 55 4955055 01111111111111111 111111
8111811139, 16, 159, 20,

aduersas 89, 99. agris 18, 9. agros 90, 1.

aduersus (1111111139, 14. ageres 99, 19.

adulescens 85, 18 1411111111 1111 1111111111
Α11111111111111 5''55555 1111111111 9, 4 111111111111111111111 11111111111111
111111551811111111111111 Α111111111111111,11.11111111
aedilis 39, 11,1111111111111111 55 555555 5005
1111111111411111111511111111111 94, 9.
111111(11511)14,11.4111111111(1115111111111114,4
41111111811111151111 555 15, 8 Agylla 1151111111 1011111118, 81111111
11111111 1111111111 Io 5550 11111111 1111111111 10111111 1111111111

· 11111115, 29 18, 19, 5111111118, 111198, 4.

10 sqq A 1111111111 11111111 11111111- 4111 11,1 2.

111111 18, 5, A 11,1 Amas-5100, 14 Α111111111111111011111111111 11111111 1111111111 ·
A 111111111111Β11111111111 108,1. 111 144,1,

A 550555'5 550555 159, 8. Α1111111111111Εα11ο 11111111,1122 5,
8111111111 1111. 54: 91, 5, 4111111111111111111, 5. 25, 8.

L Aelius Lamia 111111 3, 91, 5 5 A. 4550 11111111 111111111111111111.
L Aelius 5550 5 5050 1111111111 0111111111 38, 10,

65,15 111111 5555 5 1111111111 111111 555
Aemilia 111111111111111111111182, 3 155. N5055' 11111111 98, 19.

M. 4555· 5555· 111 11111111111111 4555555· Macedo 550 0550 11111111
1111111111 11, 8. 28, 11. 1111111 1111111111111111 1111111111
M. 455555555555 1111 5.:6 91, 10 1111111111,180 14.

Μ,Α1111111’111 Lepidus 111,11,11; ,11111511111111111151151111111111
91, 15, 11511111111,.2225 114021111111111
L. 5555 5555 111, 11. 5554: 01111111 1111111111 11111 1,40 19. 1111111 A
91, 3 ’ 1111 11111 1111111111 5455555558 111111-
4555 patrem Troia (11111118, 21, 11111111581111.011111111011111111111111
0111111114Ρ111111111111111111111919, 11111111 1111111111 129, 28, 131, 5.

A. 111 1111111111 1111111111 11 1111111111 141, 1. A. 55 111 111111 5555

 

