INDEX VERBORVM ET NOMINVM 340. 189

37, 4, 444 4444444444 crystallum 444- Marcellus 440. 044440444.
44444444 9444444444 effossam 95, 16. 44944444 0444444444 4444444499 444444 M 44-
444444444 4444444 Η444449444 44444444 440440 444444 4e00440444'04 43, 95. 99, 1.
118, 1. Ηο44· 044340 444 m0444444044444 444 4444
44444444 4494444 14444444 03 33, 9. 44, 19 99, 4
44944444 444 Arcadum 4444440 444444 91, 4444444444 99444 a 9. 44444444 Reae 4
99; 94 44444444 9444444481, 31.
444 4494444 94444 44444 4444944444444195, 19 0. 4444444444 003. 8,4 440 96,1
L. 4440e344444 M4444'a4443 105, 93. 444 44444444 004' 0404 444 ’444444 44404387, 11.
L 444444 4444444444 198,19; 3040 L. 4444444444 4444449944 46444 La 04443
corpora 4444444444 197, 17. 44· 44444444 34'304 44Hcr 444444 43, 37. 99, 4.
Dyma 4994444444 4444444444444 49, 8, Q. 44444444 444944 9444444444 de 4494444
4444444444 44444449 31, 14 sqq.
Macedones 9444 Persas 44444444 944444 Marcus Cicero 93, 7. 44444. 040040⁴
44444161, 9. mare (444.) 99, 95.
Macer 44444. Baebius. Ma4·e0443 400443 444344403 9444444 0444a
444 4444444444 4449444444 4444444444 9444444444 93, 11.
143, 4. marina 78, 4.
Mac44044443 4044 944444 444 44494446 0. M044443 444 444-4¹04 Ma44444'44444
4444444944444143,93. 4499444444 4444444 39, 13. M. 444944
4444444444 (09444444) 4444449444 444· L. 040334 43 834 44044ce3 344443440444
4443443158, 6. 444-4044 04403344349, 9. 44. 4444444444·
Maecenas 4444. 04444444. 44444 4,(44 404 9944 444 3444· 49444 4444 ,444 49-4444
Maeci 43 Β4444444444444 9444444444 aa- 4444 83, 36
44044040440444044'3141, 18 444444 4mc443 4444 440 33, 3.
4449444444 44444444 94444 0944494444 Ma4440 131,1
Ma40404444 4444444195, 96
4444944444 44 004 494444 44444444 accat ae 444444444444 44944 111, 93.
83, 99. Mar 13 (aedis) 34, 11.
magistratum 35, 18. 444444 440me44 4444444 4444444444 034 Area
4449444 4444. 4444444444 44 Dec4443 9449414
magnificentia 65, 19. Mac 43 44444444 44444449 a 3044 444944-
magnitudinem 19, 13. —dine 88, 17. 4444444444 77, 1. M. 944444 77, 6.
magna 89, 99. magno 98, 94 maior Ma434ec 0040 M4'440 444 44449 44 0444 4443
94,14 794. maius 39 9 maiorem 9,1
49, 16. mamre 793 4446491973 4444994449, πόλις πρὸς τῶν Σκηνι-
m41orum3913.ma1or1bus4013 τῶν ’4494944 145, 11.
maxim339,13. -mae90,17. magis M044 44444444 440444 40 131, 14.
49, 15. maxime 39,13 4444441444444 19, 17.
Ma4ae 0444 4444444444 19, 96. 4494444444444 44444 9444444444 97, 93.
Male444444443 44444 444 4444444444444444 444044403e03 H04444a44443 94444444444444
4444444444 444, 44. 144, 444,
Mamaeae 444444044· Se4444443 44449. Mamm m0404 Me44004443 19, 38.
158,11. 4444444444 Eaacae 9444444444 44444444
Mama440444444444433, 19 00030445,16.
mansuri 69, 13. 4444444444 44444, M44440044443.
Ma44444443 44944444 Mami 444 044440 M4400040404 4404 Μαῦροι 4944ς 414·
444440 4444444444 89, 13. βύης 144, 3.
Mamas (4944444444 04444444 44444. ’4494444444 4499444444 4444444444 44
4944444444. 4644444444 4444444444 44404444 44449444
4444444444 4444444444444444444498,8. 7913.
444444 44494464444444494,13. 4444444444444 4449444444 4444 44444444-
Mantuam 40444‘04‘4 444404 79, 9, 440440 4444404404430 159, 15.
manus 88, 10. 99, 16. -uibus 96, 9. 4494494444 444494. 4444444444 44444 44 444043
manus 98, 13. 136, 3. 444 444444 [4444444444 4444 44-

 

