6666 666666666 222 2222222222 2222. 283

2222222221 69, 22

22222221. 65,13 -rebatur 90,7. ferro

Ε2222222 11222222 2122222222 22022 69, 22

(122222 45,1

fiducia ’20, 2,

112 2212222222 2211222 222 22222222 21222 figlinorum luxuria 86, 94
0,0,8 665 (12222221021872Ε 1182222212, 15
2222222 66 A6666666 94 4 22122222- 1122290, 10.

661666666666146, 18,

Ε2222222 2 Χ2222 022 66646 16, 18.
11222222 82222222222222222215, 5,
ex 40, 14. 65, 13. 85, 20,
22212222222222 88, 12.

exactis 69, 18.
exitus 70, 6.
experta 70, 13,
66664666 39, 94.
2222022212 88, ο,
exstitit 12,11.
222222 )6 79, 5
22222212 79, 5.

14444666 19,14.

2222222 22220222222222226, 12

fieri 39, 3, 21

1122222 2222223 152, 24.

Flaminio circo 3419.
2221222222222 4666 6 Gordiano 222-222
166

166666 16066666 2222222222 222 222-
664666 Pontiam 2222222222 160, 20,
122222221012222222 6066 166, 20
1122222 90,17
122222222222222224, 13
fluctu 4‚666.

fon 66 2222272 222 21222122 101, 22, 106, 22,
6. 6066 6466 cos. 619: 97, 16.
666166666 (Capito) 606. 99, 7
forma 7,8 5

11202222 6666 (122222 222 2222 66 64- F06666'6‘6 1712222222 66 66 33, 10

22122222 2126, 99.
Q. 1120 666 Labeo 222 8, 9.

’ fortius 59, 21

10222222 69, 15

6. F6566‘o6'66 6666. 6 82222 22 '566 for19019 1222 56, 2

22222222 2222222222 73, 9.
facies 89, 15.

facinus 96, 10
1222123219. 2-12222265,12

11222222 65 2122222222 22 222222 151, 13.
1222223511
1222 us (222222 ,) 26,7 11

,12222 2426 222222222222222222 222-022222 2021222212

-2222 42, 5· ,222212 20, 23. 1222122 4222222 66 2222222222 22222 262, 20

39, 99. 1222212 39, 14. 9,6 «213
1112212222 12,15,16. 0. 12222222 666. 6. 29. 98,7 .

64666 90,11
1212222112 22221, 12222222.
faecem 797

122222 tratas 87,10

fugam 49, 5.
T. 666 4066'66 112222- 66'6666'6 466966666 2

1222222222 2222222222 6666· 222222 222222- 203, 0

22 222222 13222222 2222 111,1.5 65 10222122 02122 P66664664 46666666 60, 6.
2122222281 22222 2222222222 666 22222 82- 1021222222 1622222 22222 1222222 6666
22222 22 22 222 22222 2222 222 211,.322 141, 19.

465666( (466.) 0, ‘²
Mmmme
12222222 49, 19.

222222 2222222221 ,4122222222 Seu. ,222222
2222222
Μ. 11222222 606. 6. 8,· 97, 19.

familia 3217, -κ (Seruiliorum) 6412222223 0222212222 Veios 66644316

65,11,1122265,14,

6 6 66 6666 5464 22222222 ι222 22 6666·

51 , 190 (ef. 66. 112222, 226, 101).
1222021222 91, 1.

Ε. ,21222122222222 20, 27.

fustem delatoribus! 195, 22, 23.

Ρ, 0202222222 Erythras 6646666 66 66-
F66666 222 1222222222 20,17. 0212222 2222222222 222222222222222 8416.

Gades 22 2122202222 6466 per 21222222-

46 F666466 222122222222 8211222222 212- 2222222 2221222222 1122122222 2222222222

22222222222109, 5,

66

F66646'66 01Ρ2222222202 6666 Α2227- (1222222222 222221222222-222 31, 1.
2222 02222220222211222222222222124,2.(’2222212’22222,2222 0066646'66

felicissima 69,19,

6 (6666 1222222 466666 2 222 466 81, 3

1721121222·(6621222212222222222222222222 62222272 0222222 222222 G6666666'o4 12

195, 9 sqq

5666'66 22 2222 (666 66 6966) 110,11

 

