19991199999111 444 9919999191 4444. 119

119999 99999 '444 P44444444 04444444444 99999- A444 Graecorum Mars 14, 9

9999999 99999 99 111, 29. 11999999999999919999999 999 999914 ,Asqq
99999919 99 9999 99199999 444444 82, 44. 1199999939 999 99999999 11999999 ,9999 99999-
11999 11999 440444444 4444 9 11999999 9999999 102, 33

Serapis 444'44444 19, 94qq. 9199 444 91999999999199999 9999999999999999
119911999999919919· 311,14.11,4.

Apo444 9919999 1L44444 4444 9 1191919999 199999199999119999999999999999999121.

999999999131..3119 11999 44444 9999999999] 24, 13.

919 91999. 33319 99999199 44 899 44‘95,8 119913 9999999199 99999999 9999999999

11991199 91191919 99 99991 444' 4444444 999 102, 33
99999119 11999999999991999999-199999999999999999999912,21 15,
9999119999999999 9911999999 991318, 88 13 sqq 999 11999138 9999999999
9999119129 ,13.3-1991.1111,19, 9999999199 999999 991 1119999999 20, 1.
Α999911911999 19, 2. 1199999999Η99999199 12, 30.
9999991999 10, 3. 1199999 9999 9999 91999999919999199999999
1199999 91999999 9 19. 11199999 99999- 16, 29.

9999999 81, 13, 99199999 98, 4.
appropinquare 90, 4. A44444444'44 44 1199999999991199999 444-
8. 1199919999 1399999199 99999999 99, 20. 9999199999 53, 14. A. 99999999 99999999-

404. 9. 44: 94, 18. 999919 93, 20. 98, 10. 9991139199 444-
9999 9999919999 1199999999 1310. 999999 99, 9. 11. 999999 145, 5. A.
999999 91999999 Q. 1119999999 9999999999 199999914324.

81, 44. 1199999999999999 Pacorus 144, 21.
1199919999 9999999999 4444444 131, 5. Armenii 87, 9. Α999999999 99999 Ze-

11.]119999999999999999999 158, 15. 99999999 152, 9.

1119999999 (1999119999 04444444) 99119 9999991199 9999991931,

P444444'444' 4'4444444 90, 9. 1199991199999 91919999 121, 2.
aquilone 44, 19. 11. 1199999999 444. 4. 4: 97, 10.
9999 999 99199 119991999999999 1132. artibus 99, 11
1199999999 132, 19. 99 ’9 99 9199999899- A444444-4'4444444'44'44444 919999 1999 444 999999

9999999. 999 Ε99919999999999999999994, 1 991
11999999 999999 999999 44 E4444044444 A 0999999999 Ρ9999 9199199 9911 sqq

(199199 9999999999 39, 14. 1199999999 144, 22
1199199999 044444444 4444'44444 93, 9. 1199 9999999999 9999999999 1119999919 1999-
99999 1999199999 999 999999 99999 91991919 9190999 9199999999 999999999999999 12, 9.

99999 192, 44. M. 11999999999999999999, 9999 1199999999
11999999 9999999999 1199999999999 9911999- 991 Ρ199119999 9999999999, 58, 11.

999999999 9199999199 9314, 99999 88, 9.

991999 Ρ19911991999999999999999 9999990, 5. A444444'444 1999999 09999999 9999 119999999-

A44444444 9919999999999 21, 12. 999999 21, 33,

1199991999 99999 21, 18 sqq, 4444 99 9991199999 (99999999) 9999999999932,12.

19999999119999921, 22. Asiae 91, 13. — 11919 44444'4 99999-
1199199999 99999 94, 2. 9999991999 09999999 4744'444444'4 42, 22.
9991999911999 1999199999 9919919 99999999 1199999999 9999. 04444444'444 899999.

9999999999 159, 5. 9119999999 9999817499 98, 18.
444444444444 99999 919911 119 Η9999199 Ο.1199999998909.9.23991,33.

9999 99 19999 9,261 44. 1199999999 404. 4. 45: 91, 3,
1199199999 9999999999911199999999999 9999999 99999119 90, 10

136 17 1199919999 4444 11999999 999 190, 10
44444'44444 444 44, 44. assiduis 85, 19
Archon 111999 9999 9999999119 19, 2. 11999999 9999999999 9999999 444 999999 999999

(4444. 44444 99119 4) 99999999 999999 999999 191, 8 Ass 99999
1199999999999999999999919999991319139999 20, 4. 21, 31 A D44444'
Ardea 18 4,04() 1199999999 99 999999 1919999999111999999199 100,11

9199991991,913 18. 9190, 09

 

