Qffl

Historiae 40903107 scriptores:
V. Ρ1915777777 3755· 0. 4, 7 .· 119, 18
7. 5,1.· 119, 93.
7959999

V. P7557· 1. 3,1,· 155, 1. 1. 5, 1.-

7⁰5355 7777. 77777755.
V. 3177779717 1771777719,
V. 3777777177 377177 7777, 37773773,

V 877777717975777777 7777. 4771751777,
V. 8377777 8917717775, 15, 5 .· 12319.
V. 7777777771 717517757777 1. 6, 5 .·
147, 5. 5.19,1,·147,14, 5. 15, 3.-

1491, 0. 95, 9,· 149, 7,
V. V01777'07707007 0. 8, 1: 147, 3.
V. Ve77 0. 31.- 14610.

15177713 17177775 777 77157977. 11 3.·
155, 14. 111 33.- 155, 23. 111 63.-

INDICES

1114 31,1.
197:3 31,.7 1327 31,13.

IIII 66,· 102, 4. 67. 102, 8. 777
91, 15. 159, 10.

74: 31, 20. 14: 101, 9. 59· 9315.
83: 100, 8.

715: 31, 27. 23: 100, 13. 27:
33, 20. 38, 11. 31· 99, 3. 53, 20.
50:102, 14. 93· 119, 19. 199·
54,1. 119, 24. 132: 102, 99. 199·
71135: 94, 6. 36: 102, 32. 147:
64, 8. 159: 1191. 173: 5515.

59. 102,,1 1257 31, 4.

213.- 15919.

7111 0: 103, 0. 13.- 9916. 105.-
95119115 11919. 91911319.
7777733· 113, 95. 55,· 3915. 95·
95, 21. 68:104,1. 79: 104, 3. 94·

39 5777. 17. 111 74.- 9915. 1111 104, 14. 199· 99, 91. 1373919.

1024 161,15.

130.- 104, 24.

1577777799 1715717713 57. 3757577: 11 X5: 153, 12. 60. 32 21 74:33, 17.

7534· 1191. 7115177: 112,3
7777 7 193, 191,.7

1577117973775779 Get 77179 7714577777
977715, 33.- 155, 1.

1597177 77771 65 (3407- 103, 15.

19777577 77 7777777 77177771 44, 4.· 64, 6.

977157 105‚3

77779 115, 10. 79 999
111133 1',0522. 114. 99, 95.
1111111. 15719. 54: 155, 95. 55:
1171795, 12.

1177177779 77777777 4191977111 5177771 XVI 33: 32, 32. 103.- 90, 4. 213.-
1335 1⁹0⁰7,¹1.
XXI 33,· 16619.

1177177117 IV 43: 23, 12.

L001077777'7‘ 377577557· 7777. 77797. Ι 514:
9411. 7991915919. 11115,10.·

34, 23. 7771914.- 91,19. 77577, XXXI 19· 111, 22. 19· 115, 95,
7779777 5,1,· 2214777. 19. 7777755777 XX111102:100, 27.

99 94 7777 19 17717777 97. 99, 15. 50:37,14.
1117117779 27147777917671717715. 146· 33,1.86,13
1173- 19, 5 1117717739 117,11.197.·15,11.
L7'777'773 1111'7111122, 10. 77,7. XXXV3: 55, 4. 15: 33, 3. 70:
1177575577 81777777. 777197. 14.· 38 17777. 169, 4. 762: 85, 23.
14. 7 719.- 73, 20. 7195.- 99,1. 111117143: 33, 9. 59.· 34, 3. 121:
110, 33,· 51, 1, 7 19, 15.- 74, 21. 5415. 131: 107,13. 134: 107,19.
M7‘777707'7'F717‘07‘3 0771777779 1. 21, 4.· 1111171124: 35, 13. 37: 95, 26.
25, 3 0. 33, 4.- 103, 28. 127: 35, 13.
11175777715777791777779.(Ρ6977776-7Ρ7777731711715717111187
1757777731. 15411575: 79, 4. 7- 721: 62, 23.
78,1. 79, 6 p. 335.- 86, 17. 77. 518; 171757157174119 7119317517 41 7916.
77, 5. 7. 535.- 794 , 1175 1191. 7755 4775777· 99,· 59
07597779 723, 7:41, 7 1777919. 59.,·63 19. 58: 62, 11.
1517177171 32131· 7514, 97747723. 5116. 27: 57,14 49·
71777757777577 777957575111113 65, 17. 41: 53, 5. 42. 66, 11. 45:
17 77777713 66, 24. 48,· 52,15. (1716617778 17.·
1755 775777 777-797. 7757597. 20: 116 21 48,19, 991519. 46: 6816.
1174: 66, 23. 33: 55, 8. 103: 30 017 757773 17777. 25, 43, 37. 36.- 431.
5179179515777.199997, 99,1;4. 071175979411 6, 1. 45:
170: 111, 95. 231.- 101, 22. 939· 55, 23. 175557 4.· 99, 95. 19· 3,1.
111, 18. 411. 1111119777. 17 07117. 15177717. 3,·

 

