17ss 777177077s

A 969999999111999 99999 Ι999 19, 36 99999999999999999999991191999 699 91
11699999 9999919 9199199199 13, 149 33 comitas 63, 90 9999999999 9919199999
1191999999 9999199996999 999 9991199999 (9991999999 63, 15. 9919919999 63, 93
erepla 7713, 301 4,134 1991999999 cle 99919999699 91996999 Caesaris
7707777 99991999 13, 6. 61199999 ’99999999 qaae 1999699199 9999999999 63, 91.
reyes 91, 999 33, 31, 66999199 Galla Caecilii 1119999999
1911919991 6199199 aid. Rutilias, corisaeludiricm abicit 64, 6. 999999
de (777. Atilio) Regulo 7779777777 fa· libertosac77 9911996991 63, 30. 999999,
99999 49, 19, 9991999999 Troiam, 991999 91199-
1919999 111999 6199999999 19, 96,· 999199 9199999919, 4. 199199 saeca-
fraler Hesperos 74, 18. lares 999 (9911999999 9999999 93, 1. 999-
77 1999199 9919991 arbores 101, 3. lara 10, 99 A tempora 3619
atque 39, 9, 6, 39119 139 90, 94, cias 99911999 (9999999999 1999999999 re-
25. 40, 10. 69, 141699) 16, 61699). 9999999999 9,139 3. 9919999999
31,1’4. Dellius 67, 7.
919999 9999 96 Α9999999 Araxe cli- Auidius 077'77771777777777 aicit 123,
9991999919.1199911999999 9919919 9969119999
11199199 999 991 Medorum 99699 Gaza 1241. 999999919999’ 999 A. stallium
999999 999199 53,1 1.0 124, 4 191, 99199 1 3919999999 capa·
99 Attica 69996 77777777'777 11999999 91 999914611, 999999999140,11,
6199999999 199919999999199991,11 13. 4999999399999999999999114999
91991991399. 99991699999999919990, 1.
ausim 39, 7. , Aala77 999999 Calabriae 75, 4.
9196199190, 19. 69199190, 11, -6919 Aareliarii 9999. mate-7 sacerdos templi
49, 6. Solis 149, 11. A. Gothos sapercail
A7777777'777ls 9999919 9999999199 99, 16 141, 91, 9199 cias 19999911 facinora
191. 9919.) 150, 27. auspicia imperii 150,1.
96 91919991 9911999999999 1199999999 91999 9999 9919999999 141, 1. 7le B077asc dic-
9916. 9999915610 911 Α. Zenobiae 999-
Α9199991999 aid 1116999199.9191915190.91919991999999911999-
199 999 1999119 54, 3. 99999999 1999 9199 999999 169, 16. 9199 imperio apacl
rac 9999 st 9999919999 64, 11 11, 153 cias pos eros aa iciaiaa 152, 90.
999199199 71, 3. 99999199 1.999 51 749: 777 Α99919999999.9.209 91, 36.
96, 23. 9. 211529 31, 1. a 11154ι CAarelii Cottae 199 85 4
97, 3. 199919 191991 Caesaris 96919 9999 1199999199 imperator 9999999999 sai
55, 103 56, 4911, 9999 919 laam 99 14916.
99 Capitolio 1999991 66, 199. Cice· aut—auh 65, 133 14. 96, 19.
99999 9199999199 9999 66, 90, 91999- autem 63, 14.
9 6919999961, 9. A. 1191191999 999199- 1,199999999999999 017777'0 Caesare
19999 11, 17. A. 99199 9999 99999999 9999999160, 9.
9991999161, 74. cle 9999999919999 Aaalaias Salarr7i77as Scythia limi-
9199 9999 11, 10 6 077 liam 9999- 999 9199141, 16.
07 999 1999199 99 9999 'dias 9969 straet 99
999119999991 63, 2. 199999 Pla 991919-
9999999 peric 9199 63, 109 99 99999699 6969199999 6999999999 6199991199
54, 3. Aa L 9199199 0777'7' 991 Ρ9999- liberaai7160, 19
siam 99111999 999 69199111. 99999 Scri Bacchae Liberi 9999999 99 9,19 13.
6999999199999199991999961,96 9999199 699969999199999199999199199919 17, 22
999999999199119999999919999999999999699, Baebias Maca 99991. praeta 9253
99999 1991999999 99991999 99919119999911011ι141,14.
69, 5 A. 9999991999 999199999999- Balbillas 99991. 0199919999.
199 199199999 39, 9. mors 37, 19. 69199999 96 9199919199 9911919 99999999
19999999919999999 ,99619999 9691999919 99 9999999999 praebita 69, 9.
9999919999 capit 62, 90. 91919999 Ballista acl 6199999999 9999999999
9999999999 30, 9. corpora 9999199 defert 148, 4.

 

